26.875
26.0625
26.75
26.125
264.5625
35.953125
26.125
25.9375
23.5
22.8125
23.71875
24
25.125
24.21875
24.0625
23.96875
24.25
25.25
24.5
24.5
26
26.25
25
26.75
27.25
27
27
26.875
26.875
26.5
24.75
26
25.8125
25.125
26.5625
25.875
25
25.875
26.15625
26.75
143.25
25.953125
25.75
26.25
25.28125
25.75
24.140625
26.5234375
26.1875
26.25
28.5078125
25.71875
26
26.046875
24.75
25.3671875
27.125
26.25
27
27
26.5625
26
27
26.4375
27.921875
27.25
27.0625
26.96875
26.09375
26
27.75
26.90625
27.3125
27.75
27.125
26.5
26
27.5
26.359375
27.4375
27.0625
26.5
26.625
27.25
26.9375
26.15234375
27.375
27.75
26.65625
27.28125
26.5
25.2578125
23.375
24.21875
23.5
25
24.375
23.75
24.25
24.125
21.75
21.0625
22.125
22.5
25.5
23.5
23.71875
290.6875
23.5
24
24.0625
23.1875
24
24
24.5
24.375
24.25
23.5
1.375
2
1.875
2
1.875
1.9375
2.46875
1.3125
1.3828125
1.25
1
1.03125
1
1.5
1
1.25
1.53125
299
1.28125
1.5
1.3125
1
1.03125
1.15625
1
1
1.125
1.015625
1.015625
1.2548828125
1
1.046875
1.5
1
1
2.125
1
1.5
1.4375
2
1
1
1.0625
1
1
1
1
1
1
1.015625
1
1
1
1
1
1
1
1.5
1.03125
1
2
2
1.5
2
1.875
1.125
1.5
1
2.6875
1.625
1.546875
1.21875
1.125
1.40625
1.0625
1.125
1.5
2.375
2.25
1.9375
1.828125
2
1.375
1.625
1
2.125
2
1.00390625
1.625
2.0625
1.375
1.4375
1.5
1.29296875
1.75
1.875
1.0625
1.6875
1.5
1.25
1.25
1.015625
1.15625
1.53125
2
1
1.1875
1.625
2.0625
1.078125
1.5
1.5625
1.25
1.75
1.125
1.359375
1.625
1.75
2.375
1.96875
1.5
2.1875
1.5
1.5546875
1.125
1.03125
1.6875
2.25
1.125
1.125
2.1015625
1.875
1.03125
2.25
1.75
1.6171875
1.25
1.75
2.125
2
1.0078125
1.375
1.03125
1.578125
1.65625
1.875
1.5625
1.5
1.375
2.09375
1.59375
1.625
1.578125
1.1875
2
1.1875
1.6796875
1.1953125
2.125
1.8125
1.09765625
1.625
1.75
1
1.09375
2.125
1.28125
1.25
1.125
1.53125
1.25
1.5
1
1
2
1.03125
1.75
299.75
2.5
2
66.25
2
2
2.78125
2.375
2.25
2.5625
2.375
2.125
2.125
2
2.0625
2.3125
2.25
2.1875
2.71875
2
2.03125
2.28125
2.09375
2.5
2.15625
2.0625
2.15625
2.75
2
2.5
3.578125
2.125
2.9375
2.375
2.0625
2.0625
2.625
2.625
2
2.3515625
2.875
2.25
2.3125
42.671875
2.0625
2.03125
2.421875
2.375
2.0234375
2.09375
2.125
2.9375
2.03125
2.0625
2
2
2.0625
2
2
2.0625
2.515625
31.125
27.5
25.46875
24.8125
24.71875
26.25
27.875
27.5
26.875
28
26.90625
27.921875
28.125
28.171875
27.75
26.984375
27.375
26.1875
27.75
27.625
27.375
28.26171875
112.328125
29.5
28
27.65625
27.1328125
28.828125
28.8125
24.625
27.03125
27.875
27.4375
26.625
26.75
27
27.15625
28
28
27
27.3125
27.859375
26.90625
26.6875
27.6875
26.1875
27
27.6875
1
2
2.5
1.140625
1.296875
1.015625
1.25
1.5859375
1
1.5
1.5
1.25
1
1.5625
1.625
1
1.5
1
1
1.125
1.5
370
189
276
129.078125
133.9375
260.40625
422.6875
33
33
33
33
33
75
75
75
75
54
33
33
33
33
33
33
33
33
33
33
33
33
33
33
75
75
75
33
33
33
33
33
33
33
33
74.671875
75
75
75
75
33.65625
54
33.1640625
33
33
33
33
33
13.3125
12
12
12
12
12
12
12
12
12
12
12
12
12
12
12
6
10.5
12
12
12
12
32.8359375
33
33
33
33
33
33
33
33
33
33
75
75
75
75
75
75
75
75
75
75
75
75
75
75
75
75
75
75
75
75
75
75
54
33
33
33
33
33
33
33
33
33
33
33
33
33
33
33
33
33
33
33
33
33
33
75
75
75
75
75
33.08203125
72.375
43.5
33
33
33
33
33
33
33
33
33
33
33
33
33
33
33
33
33
33
12
12
12
12
12
12
12
12
12
12
12
12
3
11.25
197.0625
200
200
200
200
200
200
200
200
200
200
200
200
200
200
200
200
200
200
200
116.5
33
33
200
200
200
200
200
200
200
200
200
33
75
75
75
75
75
75
75
200
200
200
200
138.4765625
75.1220703125
75
75
75
75
75
75
75
75
75
75
75
75
75
75
75
75
76.46484375
75
75
75
75
75
75
75
75
75
198.046875
200
200
200
200
200
200
200
137.5
75
75
75
75
75
35.625
33
33
33
33
33
33
33
33
33
33
33
33
33
33
33
33
33
12
12
12
9
12
12
12
12
12
12
32.91796875
33
33
33
74.34375
75
75
75
75
75
75
75
75
75
75
75
75
184.375
200
200
200
200
200
200
200
200
200
200
200
200
200
200
200
90.625
168.75
200
76.953125
82.8125
75
75
75
75
75
75
75
75
75
75
75
75
75
75
75
75
75
75
75
75
75
75
75
75
75
198.046875
200
200
200
106.25
75
75
75
75
75
75
75
75
75
75
75
75
75
75
75
75
75
75
75
75
75
75
75
75
75
75
75
34.3125
33
33
33
33
33
33
33
33
33
12.01025390625
12
12
12
12
12
9
12
12
12
12
12
31.60546875
74.34375
75
75
75
75
75
75
75
75
75
75
75
75
75
75
75
75
75
75
75
75
75
75
75
75
75
75
103.3203125
199.51171875
200
200
200
200
200
200
200
200
200
200
200
95.875
96.90625
97
95.3125
92.625
92.09375
93.75
95.25
94.25
94
93.875
93.03125
94
94
94.5
96.25
97
98.5
101.75
105.25
111.53125
115.375
119.25
123.5
127.625
128.5
128.5
131.25
135.15625
138.40625
141.9375
122.1875
100.6875
83.625
85.5625
90.5
101.78125
98.75
87
123
138.75
98.9921875
90
72.9375
65.5
52.5625
45.21875
39.125
34.53125
36.84375
38.78125
40.140625
31.375
23.125
18.25
15.4375
20.625
21.1875
15.6875
16.59375
11.125
11.65625
15.71875
14.5
11.703125
11.40625
12
8.40625
7.875
7.3125
3.546875
2.03125
1.046875
1
2.75
5.875
8
13.125
18.109375
22.5
26.78125
31.84375
34.83203125
38.875
43
45.375
47.5
50.6875
52.5
55.625
56.6875
58.7421875
59.87109375
60.5
62.0625
63.5
64.4375
65.875
66.5
67.9375
69
69.9375
70.96875
71.5
71.484375
73
74.5
74
74
75
76.03125
77
77.875
78.25
79.75
79.9375
79.5
80.421875
79.375
80.75
81.75
81.75
82
82.25
82.65625
83
83.625
84
84.125
84.5
86.25
86.625
88.375
88.71875
88.4375
90.0078125
89.9375
90.75
92.09375
92.96875
94.5
95.5
99.25
103.5625
107.9453125
111.25
115.625
120.125
122.1875
124
125.75
127.75
136.390625
138.25
140.625
139.703125
140
139.5
140
140.1875
140.9921875
140.75
141
142.25
142
141.25
139.6875
139
137.3125
136
135.5
134.625
132.0078125
129.75
127.25
125.375
122.1875
120.5
119.5
114.875
110
99.25
81.5
78
73
69
66
61
58.5
51.75
46.5
40.5
34.5
27.5
19.78125
15
9
6
2.25
1
78.203125
78
78.40625
79.5703125
79.380859375
79.25
33
33
33
33
33
33
33
33
33
33
33
33
33
33
33
33
33
33
33
33
33
33
33
33
33
33
33
33
33
33
33
33
33
33
33
33
33
33
33
33
17.25
12
12
12
12
12
12
12
12
3
11.25
12
12
12
12
12
12
12
12
12
12
12
32.958984375
33
33
33
33
33
33
33
33
33
33
33
33
33
33
33
33
33
33
33
33
33
33
33
33
33
33
33
33
33
33
33
33
33
33
33
33
33
33
33
33
33
33
33
33
33
33
33
33
33
33
33
33
33
33
33
33
33
33
33
33
33
33
33
33
33
33
33
33
33
33
33
33
33
33
33
33
33
33
33
33
33
33
33
33
33
33
33
33
33
33
33
33
33
33
12.328125
12
12
12
12
12
11.953125
12
12
12
12
12
12
12
12
12
22.5
33
33
33
33
33
33
33
33
33
33
33
33
33
33
33
33
33
33
33
33
33
33
33
33
33
33
33
33
33
33
33
1020.875
1020.96875
1021
1021
1021
1020.5
1020.9375
1021
1020.75
1020.453125
1020.75
1020.96875
1020.84375
1020.75
1020.5
1020.75
1021
1020.75
1020.46484375
1021
1021
1020.75
1020.5
1021
1020.5
1020.25
1020.875
1021
1020.859375
1020.5
1020.5
1020.71875
1021
1020.9375
1020.75
1020.625
1020.9375
1021
1021
1021
1020.96875
1020.5
1021
1020.75
1021
1020.890625
1021
1021
1021
1021
1020.75
1020.5
1020.75
1020.25
1020.5
1020.5
1020.5
1020.5
1020.5
1020.5
1020.25
1020.5
1020.90625
1021
1020.5625
1021
1021
1020.6875
1021
1020.6875
1020.875
1020.21875
1020.5
1021
1020.34375
1020.75
1021
1020.875
1020.9375
1021
1021
1020.5
1020.5
1021
1020.3125
1020.71875
1020.9296875
1021
1020.4375
1021
1020.39453125
1020.984375
1020.84375
1021
1020.875
1020.25
1021
1020.75
1020.5
1020.625
1020.75
1020.625
1020.9375
1020.875
1020.5
1020.9921875
1021
1021
1021
1021
1020.5
1021
1020.8125
1020.9375
1020.96875
1020.9921875
1020.625
1020.765625
1020.375
1020.75
1021
1020.9375
1020.984375
1020.75
1021
1021
1021
1020.34375
1020.421875
1021
1020.71875
1021
1020.875
1020.96875
1020.734375
1020.96875
1021
1020.25
1021
1021
1021
1021
1020.59375
1020.8125
1020.5
1021
1020.875
1020.703125
1020.1875
1020.75
1021
1020.5
1020.5
1020.75
1020.75
1020.25
1021
1021
1020.875
1020.90625
1021
1020.875
1020.8125
1020.84375
1020.875
1020.96875
1020.875
1020.8125
1020.125
1020.875
1020.96875
1020.96875
1021
1020.875
1021
1020.5
1021
1021
1020.1875
1020.9375
1020.9375
1021
1020.75
1020.3125
1020.25
1020.8125
1021
1020.75
1020.96875
1020.75
1020.47265625
1020.625
1021
1021
1021
1020.875
1020.75
1020.5
1020.96875
1020.625
1020.5
1020.9375
1021
1020.5
1020.9375
1020.99609375
1021
1020.5
1020.96875
1021
1021
1020.71875
1020.5
1020.65625
1021
1020.9765625
1020.984375
1020.25
1020.9765625
1021
1020.375
1020.875
1021
1021
1020.75
1020.5
1020.3125
1020.375
1020.90625
1020.96875
1020.875
1020.9375
1020.46875
1020.25
1020.875
1020.5
1020.59375
1020.5
1021
1021
1020.875
1021
1021
1020.46875
1020.953125
1020.99609375
1021
1020.53125
1020.875
1020.921875
1021
1020.5
1020.875
1020.4765625
1021
1021
1021
1020.75
1020.75
1020.96875
1021
1020.8125
1020.9375
1020.25
1020.75
1020.5
1020.125
1020.5
1021
1020.7421875
1021
1020.4375
1021
1020.96875
1021
1020.375
1020.84375
1021
1020.625
1020.9375
1020.25
1021
1020.5
1021
1021
1020.875
1021
1020.984375
1021
1020.9375
1021
1020.875
1020.5
1020.875
1020.5
1020.5
1020.98046875
1021
1021
1020.75
1020.375
1021
1021
1021
1020.875
1020.875
1021
1020
1020.75
1020.875
1020.96875
1021
1020.75
1020.6875
1021
1020.375
1021
1020.9375
1021
1021
1021
1021
1020.5
1020.375
1020.9375
1020.5
1021
1020.279296875
1020.87109375
1020.5
1021
1020.9375
1020.5625
1021
1020.125
1020.8125
1020.75
1020.96875
1020.75
1020.75
1020.75
1020.9375
1021
1021
1021
1021
1020.9375
1020.96875
1020.5
1021
1020.46875
1020.875
1021
1021
1020.1875
1021
1021
1020.9375
1020.75
1020.2265625
1020.08984375
1021
1020.75
1020.375
1020.96875
1020.890625
1020.46875
1020.984375
1020.7734375
1021
1021
1021
1020.4375
1021
1020.78125
1020.875
1020.9375
1020.21875
1020.4375
1020.859375
1020.96875
1020.25
1021
1021
1020.75
1020.25
1020.21875
1021
1021
1021
1020.375
1020.71875
1021
1021
1021
1021
1021
1020.75
1021
1020.75
1020.25
1020.75
1020.875
1020.75
1021
1020.5
1020.4375
1020.8671875
1021
1020.875
1021
1021
1020.875
1020.75
1020.890625
1020.5
1020.9375
1020.9375
1020.90625
1020.5625
1020.75
1020.96875
1021
1021
1020.5
1020.75
1021
1020.75
1021
1020.8125
1021
1020.875
1020.5
102.25
95.3125
91.5
89.390625
92.1640625
94.19189453125
89.5625
87.453125
92.5380859375
90.375
87.75
87
87
85
80.3125
79.75
75
75
72.25
72.5
69.25
65
65
14
6.6875
11
18
12
5
3
2.6875
2
1
1.5
2
1
1
1
1
1
1
1.5
1
1
1
1
1
1
1
1
1
1
1
1
1
1
1.03125
1
1
1
1
1
1
1
1
3
2
2.75
3.5
2.5
5
5.25
6
5
6.25
7
8
8
8.25
9
8
13
18.5625
34
56
71.484375
90.75
118.5703125
113.0009765625
110.78125
108.60546875
107
91.125
90.0625
91.4375
90.2890625
91.03125
93
90.25
90.5634765625
90.375
87.875
84
84
85
84.5
80.8125
80
77.125
75.125
74.84375
74.859375
73.59375
71.25
69.75
70
68
66.0078125
65
62.59375
61.8125
59.53125
58.8125
56.625
54.1875
55.125
53.25
51.34375
50.0625
49.875
48.5
46.25
46.5
43.6875
41.125
40.5
37.484375
38.25
34.1796875
32.61328125
31.1875
28.8125
24.125
19.40625
16.0625
12.5
9.1875
7.59375
5.5
3.421875
2.5
2.625
2.5
2.625
1.875
1.9375
1.40625
1.4375
1.171875
101.75
87.5
90.125
90.5
92.5
103.75
12
12
33
32.384765625
33
33
33
33
33
33
33
33
33
33
33
27.75
33
12.041015625
12
12
27.75
33
12.328125
12
27.75
33
33
33
17.25
32.9794921875
12
30.375
33
12.1640625
12
32.34375
33
33
33
33
33
14.625
27.75
14.625
12
12
12
12
12
12
12
12
12
12
12
6
12
11.9765625
12
12
12
12
12
12
12
12
12
12
33
33
33
33
33
33
33
33
33
33
22.541015625
33
33
33
33
33
33
33
33
33
33
33
33
33
33
33
17.25
12
12
32.34375
33
33
33
33
33
33
14.625
31.6875
12
32.671875
33
33
33
33
33
33
33
33
33
33
33
33
33
33
33
33
33
33
17.25
12
12
12
12
12
12
12
12
12
12
12
12
12
12
12
12
12
12
12
12
12
11.90625
12
12
12
12
12
12
12
12
12
12
12
12
12
12
12
12
12
12
12
12
32.671875
32.34375
33
33
33
33
33
33
33
33
33
33
33
33
33
