31.099853515625
27.4716796875
27.5
28
27.9765625
27.999267578125
40.484375
28
28
28
28
28
28
28.255859375
28.5009765625
28
28.6533203125
29.341796875
28.891845703125
28.73583984375
29
29
29
29
29.75
29
28.74267578125
28.9375
27.25
28.00390625
27.000244140625
28.71484375
27.927734375
29.003662109375
29
25.0078125
28.9951171875
40
29.328125
29.376708984375
27.982421875
27.490234375
28
28.4921875
28.96875
28.9375
28.453125
28.0927734375
28.005859375
28.0048828125
25.4921875
27.94482421875
27.373046875
27.31640625
27.939453125
27.25390625
27
26.953125
27
26.998046875
27
27.0439453125
27.0068359375
26.98974609375
26.6875
25.9921875
27
26.87548828125
26.984375
27
27
27
27
27
27.0009765625
27
27
27.0625
26.75
26.745849609375
26.99609375
26.75
26.462890625
26.2451171875
26.998046875
26.5
27
27
27
26.99609375
27
26.498046875
27
27
26.875
27
26.96875
27
26.9990234375
27
27
26.712890625
26.733642578125
26.87109375
26.482421875
26.69140625
26.255859375
26
26.09765625
26.0009765625
26.9921875
26.435546875
26.126953125
25.8671875
26.36181640625
26.005859375
26
26.21875
26.1953125
26.68798828125
26.51806640625
26.59375
26.908203125
26.78271484375
26.86083984375
26.9716796875
26.73486328125
26.0009765625
26.0009765625
26.625
26.08203125
26.0625
26.015625
26.03515625
26.00048828125
26.078125
26.390625
26.287109375
26.00390625
26.07080078125
26.0712890625
26
26.79931640625
26.072265625
26.328125
26.125
26.5546875
26.251953125
26.0078125
26.5078125
26.2421875
26.015625
26.001953125
26
26.015625
26.00439453125
26
26
26
26
26.015625
26
26
26
26
26
26
26
26
26
25.998046875
26
26
26
26
26
26
25.5
26
26
26
25.984375
26
26
26
26
26
26
26
25.99609375
26
26
26
26
26
26
25.875
26
26
26
26
26
25.873046875
26
25.99951171875
25.75
26
25.96875
26
26
25.25
25.75
25.998046875
25.9375
25.92578125
23.375
24.88134765625
25.9140625
25.98486328125
25.9970703125
25.1015625
25.484375
25.0625
25.92578125
25.375
25.140625
25.3125
25.5078125
25.8125
24.828125
24.805419921875
25.353515625
25.91796875
25.2705078125
25.046875
25.7529296875
25.0341796875
25.765380859375
25.00390625
25.017578125
25.125
24.3876953125
25.015625
25.064453125
24.22265625
24.953125
26.654296875
25.0859375
22.158203125
25.59375
24.859375
26.4375
26
26.140625
27.2421875
26.96875
26.998046875
28.03515625
27.84375
29.48828125
28.8203125
29
29.056640625
27.440185546875
29.10791015625
29.0302734375
29.468994140625
29.109375
29.0634765625
31.189453125
27.6806640625
26.96875
26.875
27.93359375
27.53125
27.984375
28.00390625
28
26.80078125
27.5537109375
28.0224609375
21.49853515625
27.9375
28
27.7265625
27.99609375
28
28
34
28.359375
28.0078125
28.802734375
27.373046875
28.03125
28.7392578125
28.0556640625
28.5283203125
28.25
27.814453125
28.0107421875
28.62548828125
28.7890625
28.125
28.0546875
28.919921875
28.9609375
29
28.6865234375
26.8759765625
28.49755859375
27.02734375
28.7783203125
29.48095703125
27.22705078125
28.90234375
29.505859375
28.234375
29.8427734375
29.19140625
29.32958984375
29.599609375
29.458984375
29.99755859375
30
29.5
29.875
29.625
29.98828125
29.998046875
29.9683837890625
29.9931640625
30.1083984375
29.99462890625
30
29.77734375
30.0419921875
30.83984375
30.0341796875
29.99609375
28.0869140625
28.9658203125
29.4765625
29.12109375
30.56640625
29.718505859375
29.00048828125
29.00048828125
27.0625
28.859375
28.994140625
29.0458984375
30.3046875
28.5
30
29.10595703125
29
28.75
28.375
29
28.9716796875
28.06640625
28.97998046875
28.3746337890625
28.9140625
28.70703125
28.00244140625
28.275390625
28.521484375
28.09423828125
28.013671875
28
26.78125
27.9375
27.5
28
27.90625
28
27.9990234375
27.46875
25.4921875
27.9892578125
25.41796875
27.99609375
27.4921875
27.97607421875
27.749755859375
27.1171875
27.1015625
27.9921875
27.99755859375
27.3701171875
27.6884765625
27.2021484375
27.96875
26.5
27.453125
27.00048828125
27.25
27.5478515625
27.01513671875
26.984375
27
27
27
27
27
27
26.9765625
27
26.6865234375
27
27
26.998046875
26.9375
26.998046875
27
27
27
27
26.75
27
27
27
27
27
27
26.98046875
27
26.875
26.9296875
27
26.998046875
27
26.998046875
27
27
26.9990234375
26.9970703125
26.875
26.96484375
26.498046875
26.9921875
26.990234375
27
26.3515625
26.875
27
27
27
27
27
26.9375
27
26.998046875
27
27
27
27
27
26.982421875
26.998046875
26.498046875
27
27
27
26.859375
26.99609375
27
26.984375
27
27
27.00390625
26.99609375
26.1875
26.625
26.93359375
27
26.9296875
26.244140625
26.9921875
26.857421875
27
26.99169921875
26.3740234375
26.921875
26.205078125
26.44482421875
26.172607421875
26.190185546875
26.7568359375
26.1572265625
26.087890625
26.50390625
26.87060546875
26.31640625
26.3046875
25.28125
26
25.828125
25.5
26.03076171875
26.0078125
26.0078125
26.1259765625
23.96875
25.390625
25.875
26.0703125
25.994140625
26.498046875
26
26.03125
26.005859375
26
26
26
26
26
26
26
26
26
26
26
26
26
26
26
26.734375
25.998046875
27.5
25.5
25.9990234375
25.5625
26
26.185546875
25.484375
25.3623046875
25.57421875
26.005859375
27.73828125
26.96484375
27.12890625
27.900390625
27.4375
27.359375
27.328125
27.046875
27.9765625
27.8984375
28.15625
28.4921875
28.81201171875
29
28.94921875
27.390625
26.75
26.4609375
29.626953125
28.8671875
28.05859375
28.986328125
29
28.9375
28.5
29
28.09375
27.9375
27.875
28.9765625
28.91552734375
29.623046875
29.537109375
29.375
29.125
28.9921875
28.107421875
3.375
4.6484375
7.75
25
19
5.875
24.5
18
15.25
26
15
3
2.60546875
16.25
3.125
2.25
19
24
13
19.6875
4.58984375
10.3515625
6.203125
14.265625
13.6484375
12.75
22.3125
15.65625
18
23.75
18
24
16.75
5.625
23
6.25
1
21.25
3.375
13.25
12
10.90625
11.5
11.5
11
27
12
5
18.03125
24
26
4.21875
12
14.3359375
11.421875
23.03125
15.4921875
12
20.5
5.375
15
30
24
8
9.171875
7.5
26
3.65625
13.125
6
5.75
2.875
15
26
18
14.875
14.375
15.171875
2
8.484375
17.4765625
37
29
15.5
17.75
25.4296875
12.86474609375
18.4140625
1.28125
18
8
26
3.78125
1.5
11
24.5
16.25
25
24
8.75
14.25
11.5
21.625
5
17.5
29
18.5
18
30.625
22.5
21.5
9
21
2
14.5078125
18.5
15.5
12.5
19
14.5
11.75
3.080078125
17.125
9.40234375
17.529296875
19.0625
21.25
14.1484375
6
13.015625
10
15
2
18.25
7
10
2.875
9.4609375
12
7.828125
4.8984375
14.25
8.671875
5.75
8.1796875
24
23.25
18
12
11
1.5
2.25
12
7.578125
7.71875
15.46875
14.5
21.65625
11.546875
11.5703125
7.625
3.8125
25
24
11
6.171875
25
27
9.40625
16.5
2.7890625
9.642578125
5.75
21.0390625
4.359375
16.15625
20.431640625
9.0625
6.3046875
16.603515625
7.787109375
14.15625
10.59375
5.1875
2.6953125
6.25
4.65625
19
12.5
4.224609375
1.38671875
18.875
23
26
7.5625
19.1875
21.5
2.5
22
18
23.75
3.375
10.359375
26
20.3203125
9.125
15.375
26
2.5
5.125
5.75
13
11
4.75
26
24
11
8.1875
3.25
1.4375
5.25
9.296875
13
23
1.4375
19.0703125
3.96875
12
4.59375
12
14.25
8.765625
17.59375
10.5
8.875
25
16.5
36
23.2734375
2.15625
13.7890625
9.96875
24
6.734375
4.25
19
25.9375
26
26
26
25.625
26
27
26
25.5
26
26
27
26
26.5
26
26
26
26
26
27
26
26
26
26
26.5
26
26
26
25.4375
26
26
26
26
26
26
25.25
25
25
25.375
25.0078125
25
25.05078125
25.06640625
25.03125
25
25
25
25
25
25
25
25
25
25
25
25
25
25
25
25
25
15
25
25
24.9921875
25
25
25
25
25
25
25
25
25
25
25
25
25
25
25
25
25
25
25
25
24.96875
25
24.99609375
25
25
25
25
25
25
25
25
25
25
24.9990234375
25
25
25
25
25
25
25
25
25
25
25
24.9375
24.99609375
25
25
25
25
25
25
25
25
24.73046875
24.5
24.5
24
24
24
24
24
24
25
24.125
24
24
24
24
24
24
24
24
24
24
24
24
24.5
25
25
24.5
24.75
25
25
25
25
25
24.890625
24.998046875
25
25
25
25
25
25
25
25
25
25
25
25
25.3125
24.765625
25.00390625
25.00390625
25
25
25.125
24.609375
25.125
25
25.22265625
25
26
25.125
25.421875
25
24.98828125
25
25
25.125
25
25
25
25
25
25
25
25
25
25
25
25
25
25
24.9375
24
24
24
24
24
24
24
24
24
24
24.5
24
24
24
24.0625
24.0625
24.125
24.001953125
24.0625
24.5
24
24
24
24.125
24.5
24.5625
24
24
24
24
24.25
24
24
24
24
24.5
24
24
24.65625
24
24
24
24
24
24
24
24
24.50390625
24
24
24
24.5
24
24
25
24
24
24.046875
24.25
24.125
24
24
24
24
24.5
24
24
24.5
24
24.375
24.25390625
24.03125
24.25
24
24
24
24.0078125
24
24
24
24
24
24
24
24
24
24
24
24
24
24
24
24
24
24
23.75
25
24.625
26
25.703125
25.125
25.3125
25
26
25
26.5
27.75
28
26
26
26
27.984375
27.75
27.9140625
27.99609375
28
27.994140625
28
28
27.8359375
27.953125
27.5
27.53125
28
28
27.994140625
28
27.80712890625
28
27.859375
27.7109375
27.123046875
27.984375
27.75
27.9375
27.984375
27.75
27.875
27.73046875
28
27.998046875
27.49609375
27.99951171875
27.90625
27
27.998046875
28
28
27.2578125
27.7890625
27.40625
27.125
27.75
27.396484375
27.109375
27.953125
27.671875
27.111328125
27.7578125
27.0068359375
27.0458984375
27.0986328125
27.01953125
27.5
27
27.3671875
27.234375
27.21875
27.15625
27.45703125
27.5078125
27.1640625
27.390625
27.5
27
27
27.25
26.99267578125
27.0703125
27.4375
27.75
27.078125
27.53125
27.1171875
27.578125
27.08984375
27
27.001953125
27.015625
27
27
27.001953125
27.90869140625
27.875
27.98046875
27.59375
27.498046875
27.40625
27.708984375
27.990234375
27.73046875
27.96875
27.98828125
27.060546875
27.482421875
27.306640625
27.796875
28
27.7578125
27.939453125
27.005859375
27.1484375
27.37109375
27.744140625
27.4296875
27.484375
27.703125
28
27.84375
27.5703125
27.9716796875
27.203125
27.875
27.98681640625
27.6484375
27.49609375
27.93359375
27.75
27.533203125
27.65625
27.9921875
27.466796875
27.25
27.248046875
27.96875
27.474609375
27.87109375
28
27.4765625
27.953125
28
27.9375
27.48046875
27.25
27.99609375
28
27.9375
27.875
27.998046875
27.9765625
27.25
27.40625
27.484375
28
27.7421875
27.234375
27.484375
27.83984375
27.4921875
27.98388671875
27.49609375
27.265625
27.98388671875
28
27.7421875
27.53125
27.34375
27.7109375
27.9921875
27.966796875
27.181640625
27.9375
27.375
27.59765625
27.6875
27.140625
27.412109375
27.25390625
27.751953125
27.033203125
27.5
27.123046875
27.048828125
27.5
27.18359375
27.56640625
27.751953125
27.33203125
27.625
27.89453125
27.1484375
27.044921875
27.734375
27.1953125
27.3125
27.265625
27.375
27.5078125
27.21875
27.125
27.513671875
27.19140625
27.0625
27.0048828125
27.5
27.0625
27.578125
27.00830078125
27.041015625
27.25390625
27.625
27
27
27.064453125
27.875
27.2529296875
27
27.015625
27.015625
27.5
27.001953125
27
27.00390625
27.015625
27.001953125
27.00048828125
27.017578125
27
27.0703125
27
27
27
27.046875
27.5
27.001953125
27
27
27
27
27
27
26.625
27
27
27
27.03125
27.0078125
27
27.0009765625
27.53125
27.0009765625
27.5
27
27.03125
27.0009765625
27
27
27
27
27.001708984375
27.046875
27
27
27.75
27.8984375
27.998046875
28
27.8603515625
27.9453125
28
27.998046875
28
28
28
27.93359375
28
28
27.37109375
27.859375
28
28
28
28
27.96875
28
27.9375
28
27.375
28
28
28
28
28
28
27.25
27.8701171875
27.4375
27.40625
27.125
27.8046875
27.96875
27.75
27.58984375
27.728515625
27.01953125
27.8994140625
27.03125
27.8671875
27.13671875
27.8046875
27.53515625
27.890625
27.99609375
26.99853515625
27
27.0546875
27.953125
27.033203125
27.015625
27
27.0078125
27.0078125
27.06640625
27.5
28
27.328125
27.2265625
27
27.5078125
27.5
27.5
27.203125
27.0625
27.451171875
27.1328125
27.9375
27.5185546875
27.03125
27.263671875
27.25390625
27.890625
27.50390625
27
27
27.484375
27
27.15625
27.0078125
27
27
27.0029296875
27.015625
27
27
27
27
27.5
27.75
27.5009765625
27
27
27.25
27
27.03125
27.75
27.25
27.0625
27
27.2509765625
27.125
27
27.00390625
27
27
27.00390625
27
27
26.9375
27.03125
27
27
27.001953125
27
26.71875
27
27
28
27.0078125
27.9931640625
27.9765625
27.92578125
27.484375
27.498046875
27.978515625
26.4765625
28
27.1240234375
27.49609375
27.74853515625
27.158203125
28
27
27.015625
27.875
27.3203125
27.6171875
27.6796875
28
27.671875
27.59765625
27.796875
27.46875
28
27
27.23828125
27.505859375
27.03125
27.9765625
27.2734375
27.15625
27.02734375
27.9375
27.400390625
27.619140625
27.8125
27.7578125
27.00390625
27
27.3125
27.0390625
27.0390625
27.1875
27.501953125
27.75
27.126953125
27.25
27.03125
27.94140625
27.048828125
27.59375
27.390625
28
27
27.5634765625
27.00390625
27.015625
27.0390625
27
27
27.1875
27
26.5
27.28125
26.998046875
27.064453125
27.001953125
27.375
27.00390625
26.5
26.890625
27.48828125
27.87109375
26.974609375
27.328125
27.09375
27.201171875
27.251953125
27.015625
27.6328125
27.28125
27.50390625
26.875
27.25
27.03125
27.484375
26.875
27.03125
27.03125
27.57421875
27.095703125
27.517578125
27.00390625
27
27
27.03125
27.03125
27
27.0625
27
27.4375
27.25
27
27
26.998046875
27
27
26.9921875
27
27.1865234375
27.501953125
26.75
27
27.109375
27
27.00390625
26.96875
27
27
27
26.998046875
27
27
27
27
27.125
26.859375
27
26.9990234375
27
27
27
26
27
27
26.75
27
27
26.94140625
26.90625
26.9921875
26
26.96875
26.99609375
26
26.94873046875
27
27.5
26.50390625
26.8515625
26.03125
25.9375
26.75
26.01953125
26.265625
26.703125
26.91015625
26.859375
26
25.1875
27.59375
26.060546875
27.5
27
26.84765625
26.9375
26.9375
26.015625
26.9365234375
27
27.75
26
26.625
27
27
27
27
27.03515625
27.25
27.5
28.25
27.015625
27.947265625
27.5078125
27.5
27
27
27
27
27
27
27
27.994140625
27.935546875
27.990234375
28
28
28
27.375
27.9970703125
28
28
28
28
28
27.990234375
27.984375
27.50048828125
28
28
28
27.99951171875
28
28.0625
28
28
28
28
28
28
27.75
27.5
28
27.734375
27.00341796875
27.5009765625
26.5546875
27.437530517578125
26.99560546875
27.8671875
27.888671875
27.00390625
27.001953125
27.001953125
27.00390625
27
27
27
26.99609375
26.99609375
27
26.7470703125
26.84375
26.999755859375
27
26.5341796875
26.1865234375
26.9921875
26.99609375
27
27
27
26.9365234375
27
26.96875
26.98828125
26.0703125
26.4365234375
26.921875
26.25
26.015625
25.9375
26
26.0078125
26.25
26.125
26
26
26
26
26
26
26
25.9970703125
25.375
26
25.96875
26
26
25.90625
25.75
26
25.998046875
25.75
25.99609375
26
25.99609375
25.9345703125
26
26
25.9993896484375
25.6875
25.8203125
25.283203125
25.00390625
25.4375
25.1328125
25.9951171875
25.90625
25.448974609375
25.28125
25.005859375
26
25.78125
25.87109375
25.751953125
25
25
25.01171875
25.53125
25
25.01611328125
25
25.125
25
25.03125
25
25.0625
25
24.75
25
25
24.904296875
25
25
25
25
25
24.8671875
25
25
25
25
25
25
25
24.98828125
25
25
25
25
24.9677734375
25
25
25
24.994140625
24.90625
24.96875
25
25
25
25
25
25
25
25
25
25
25
25
25
25
25
25
24.96875
25
24.9375
25
25
25
25
25
25
25
24.75
25
24.4375
25
24.993896484375
24.9375
25
25
24.984375
24.953125
25
25
24.875
25
25
25
25
25
25
25
25
25
25
25
25
24.25
24.9375
24.75
24.875
25
24.75
25
24.984375
25
24.9365234375
24.7587890625
24.873046875
24.4375
24.99609375
25
25
25
24.359375
24.982421875
25
25
24.984375
24.66015625
24.5
24.9990234375
24.25
24.60546875
24.990234375
25
24.15234375
24.00146484375
24.921875
24.9375
24.5
24.9990234375
25
25
25
24.9921875
24.9921875
25.865234375
25.99609375
26
26.3828125
26.9998779296875
27
27
27
27
27
27
26.9375
26.1259765625
25.87646484375
26.13690185546875
26
26.2578125
26.09375
26.3681640625
26.8125
26.984375
26.93359375
27
27
27
26.984375
27.367919921875
28
27.0927734375
27.20654296875
27.1279296875
27.0078125
27.8203125
27.5947265625
27.75
27.3125
26.4453125
27.71484375
27.75
27.998046875
27.4482421875
28
28
28
28
27.984375
27.9375
27.9990234375
28.37548828125
28
28
28.5
28
28.3758544921875
28.34375
28.5078125
28.5927734375
28.96875
28.55078125
28.875
28.02783203125
28
27.6875
27.99609375
28.953125
28.507080078125
28
28.125
28
28.03125
28.015625
28
28.0078125
28.0234375
28
28
28
28
27.984375
28.029296875
28.25
27.75
28.001953125
28
27.9609375
28
27.998046875
28
28
27.994140625
28
28
28
27.9990234375
28.31640625
28.939453125
29.40283203125
29
28.0078125
28
28
28
28
27.498046875
27.1015625
27.999755859375
27.87890625
27.125
27
27
27
27
27
27
27
27
27
27
27
27
27
27
27
26.9765625
27
27
27
27
26.99609375
27
27
27
27
26.46875
26.07421875
26.6875
26.1240234375
26.71875
26.70703125
26.61328125
26.005859375
26.0078125
24.75
26
26.125
25.5
26
26.005859375
26
26.015625
26
26
26
26
26.5
26
26
26
26
26
26
26
26
26
26
26
26
26
25.96875
25.4140625
25.90625
26
25.994140625
25.748046875
26
25.994140625
25.875
26
25.71484375
25.5859375
25.76123046875
25.01953125
25.0234375
25.8798828125
25.3671875
25.4368896484375
25.7578125
25.046875
25.2421875
25.591796875
25.095703125
25.880859375
25.1259765625
25.376953125
25.890625
25.5625
25.8828125
25.95703125
25.84228515625
25.015625
25.0517578125
25.12109375
25.01953125
25.9990234375
25.5
25.0703125
25.8046875
25.0673828125
25.00390625
25
25
25.19921875
25.04296875
25
25.0009765625
25.314453125
25.50439453125
25.001953125
25
25.0078125
25
25
25
25
25.001953125
25
25
25
25
25.001953125
25
25
25
25
25
25.0078125
25
25
25.5
25
25
25
25
25
25
25
24.75
25
24.984375
24.9921875
25
25
25
25
25
25
25
25
25
25
25
25
25
25
25
25
25
25
25
25
25
25
25
24.5
24.6875
24.99609375
24.9375
24.96875
24.513671875
24.521484375
24.96484375
24.732421875
24.99951171875
24.5
25
25.234375
25.90625
25.98828125
26.96875
26.990234375
27
27
27.6170654296875
27.03125
27.140625
27.99609375
27.5009765625
28
27.96875
27.5
27.3125
28.09375
27.8828125
28
28.2265625
28.8515625
28.9443359375
28.966796875
28.171875
28.001953125
27.375
27.046875
26.5
27
27
27.5625
27.03125
27
28.375
28
28.8583984375
27.5078125
27.77734375
27
26.875
26.96875
27
27
26.98828125
27
26.9765625
27
27
26.46875
26.984375
26.5
27
26.96875
27
27
27
27
27.46875
26.9375
27.0625
27
27
27
27
26.875
27
26.998046875
27
27
26.99609375
26.9990234375
27
26.70703125
26.99609375
27
27
26.25
26.24609375
26.0390625
26.1171875
25.75390625
26.056640625
26.984375
26.623046875
26.8115234375
26.9375
26.9375
26.9921875
27
26.9921875
26.9921875
27
27
26.6083984375
27
26.125
26.94921875
26.22607421875
26.99609375
26.384765625
26.9892578125
26.5
26.9375
26.96875
26.53515625
26.244140625
26.2069091796875
26.5
26
26.00390625
26
26
26
26
26.18756103515625
26
26.5625
26
26
26.09375
25.99609375
25.98828125
25.75
26
25.75
25.99609375
25.84375
25.734375
26
25.75
25.998046875
26
26
25.9375
26
26
26
25.9375
26
26
26
25.4375
25.9990234375
25.6875
25.982421875
26
26
25.998046875
25.99609375
26
26
26
26
26
26
26
26
26
26
26
26
26
26
26
26
26
26
26
25.9375
25.96875
26
25.9375
26
26
26
25.984375
25.984375
26
26
26
26
26
26
26
25.75
25.99609375
26
26
26
26
26
26
26
26
26
26
26
26
26
26
26
26
26
26
26
26
26
26
26
26
26
26
26
26
26
26
26
26
26
26
26
26
26
26
26
26
25.5
26
26
26
25.875
25.96875
26
25.625
26
26
26
26
26
26
26
26
26
26
25.8125
26
26
26
26
25.0625
25.84765625
25.999755859375
26
26
26
25.96484375
25.7421875
25.93359375
26
25.921875
26
26
26
25.9345703125
25.75
25.90234375
26
26
26
26
26
25.9990234375
25.6171875
25.25
25.30224609375
25.9462890625
25.2724609375
25.6904296875
25.1015625
25.734375
25.619140625
25.4921875
25
25.98486328125
25.6328125
25.498046875
25.1591796875
25.490234375
25.9921875
25.6826171875
25.99609375
25.9921875
26
26
26
26
25.734375
26
26
26
26
26
25.9765625
25.9375
26
26
26
26
26
25.9921875
26.265625
26.0078125
25.875
26.001953125
26.50390625
26
26.546875
26.02734375
26.25
25.84765625
26.5078125
26.04296875
26.625
26.765625
26.5
26.53125
26.68359375
26.26513671875
26.85546875
26.1171875
26.75
26.00390625
26.1884765625
26.287109375
26.5322265625
26.8203125
26.837890625
26.375
26
26.775390625
26.0986328125
26.15625
26.921875
26.990234375
26.2265625
26.822265625
26
26.25
26.87109375
27
26.75
26.984375
26.0234375
26
26.5
27
27
27
26.9921875
27
27
26.5
26.625
26.71484375
26.2265625
26.361328125
26.09765625
26
27
26.96484375
27
26.8125
26.96875
26.10546875
26.978515625
26.4365234375
26.630126953125
26.4296875
26.4990234375
26.6796875
26.9375
26.6953125
26.1328125
26.529296875
26.25
26.5
26.00390625
26.438232421875
26.125
26.0234375
26.0078125
26.25
26
26
26
26
26
26
26
26
26
26
26
26
26
26
26
26
26
26
25.9921875
26
25.400390625
25.904296875
25.3359375
25.03125
25.9998779296875
26
26
25.966796875
25.5
25.998046875
26
25.55859375
25.9375
25.943359375
25.609375
25.96826171875
25.4609375
25.4765625
25.15234375
25.8125
25.5
25.8818359375
25.3046875
25.4921875
25.21875
25.1171875
25.5
25.953125
25.09375
25.810546875
25.931640625
25.890625
25.26708984375
25.1953125
25.34375
25.859375
25.5
26
25.99951171875
25.87109375
25.990234375
25.75
25.955078125
25.578125
25.49462890625
25.9921875
25.78125
25.65625
25.875
25.72265625
25.75
25.625
25.875
25.33984375
26
25.984375
26
26
26
26
26
26
25.748046875
25.73046875
25.94921875
25.2197265625
25.734375
25.1328125
25.5
26
25.484375
25.75
26
25.8046875
25.4306640625
25.1875
25.8203125
25.7421875
25.984375
26
25.5
26
25.9296875
25.80078125
25.3046875
25.6953125
25.935546875
25.494140625
25.96875
25.375
25.140625
25.99609375
25.9375
25.017578125
25.984375
25.46875
25.9453125
25.9375
26
26
25.796875
25.86328125
25.9375
25.90625
26
25.5
25.9296875
25.375
25.875
26
25.859375
25.982421875
25.96875
25.998046875
25
26
25.81201171875
25.984375
25.0390625
25.87890625
25.0703125
25.515625
25.033203125
25.3359375
25.5
25.95703125
25.59375
25.1640625
25.53515625
25.0009765625
25.03515625
25.1875
25.875
25.5234375
25.2607421875
25.984375
25.046875
25.9400634765625
25.15625
25.5
25.095703125
25.8505859375
25.88671875
25.71484375
25.6875
25.421875
25.572265625
25.578125
25.875
25.75
25.5
25.3779296875
25.53125
25.939453125
25.82421875
24.75
25.7734375
25.21875
25.345703125
25.9677734375
25.96875
25.96875
25.984375
25.9296875
26
26
26.0703125
25.9453125
26.220703125
25.96875
25.9716796875
26.125
26
25.0625
25.9150390625
25.998046875
26.25
26.5
26.0546875
26.00048828125
26.75
26.5625
27
27.125
27.625
27.00390625
27.875
26.625
26.875
26
26.24853515625
27
26
